1772652583208 0.0001 0
1772652591341 0.00029992672421431113 1
1772652600045 0.0004995116152859973 2
1772652607841 0.0006984622207349672 3
1772652614689 0.0008964870994355999 4
1772652621611 0.0010932963014540524 5
1772652629467 0.001288601845843911 6
1772652637477 0.00148211819573952 7
1772652644269 0.0016735627300897432 8
1772652651018 0.001862656211379165 9
1772652659335 0.002049123248688812 10
1772652667299 0.0022326927554543858 11
1772652674061 0.002413098401286711 12
1772652680824 0.002590079057226641 13
1772652688539 0.002763379233814971 14
1772652696225 0.002932749511367051 15
1772652703408 0.0030979469618516516 16
1772652710185 0.003258735561784332 17
1772652717810 0.0034148865955569404 18
1772652726326 0.003566179048637042 19
1772652734341 0.003712399990083956 20
1772652744786 0.003853344943841657 21
1772652755607 0.003988818248283071 22
1772652769087 0.004118633403495264 23
1772652783566 0.004242613405810634 24
