1772652583208 0.09910000000000001 0
1772652591341 0.09729992672421432 1
1772652600045 0.095499511615286 2
1772652607841 0.09369846222073497 3
1772652614689 0.0918964870994356 4
1772652621611 0.09009329630145406 5
1772652629467 0.08828860184584392 6
1772652637477 0.08648211819573953 7
1772652644269 0.08467356273008975 8
1772652651018 0.08286265621137917 9
1772652659335 0.08104912324868882 10
1772652667299 0.07923269275545439 11
1772652674061 0.07741309840128671 12
1772652680824 0.07559007905722664 13
1772652688539 0.07376337923381497 14
1772652696225 0.07193274951136705 15
1772652703408 0.07009794696185166 16
1772652710185 0.06825873556178433 17
1772652717810 0.06641488659555694 18
1772652726326 0.06456617904863704 19
1772652734341 0.06271239999008396 20
1772652744786 0.06085334494384166 21
1772652755607 0.05898881824828307 22
1772652769087 0.05711863340349526 23
1772652783566 0.05524261340581064 24
