1772652583208 2.93107 0
1772652591341 1.66356 1
1772652600045 1.13899 2
1772652607841 0.95987 3
1772652614689 0.94275 4
1772652621611 0.96541 5
1772652629467 1.03537 6
1772652637477 0.86478 7
1772652644269 0.93866 8
1772652651018 0.83068 9
1772652659335 0.73376 10
1772652667299 0.929 11
1772652674061 0.86256 12
1772652680824 0.85315 13
1772652688539 0.70553 14
1772652696225 0.85236 15
1772652703408 0.89028 16
1772652710185 0.87102 17
1772652717810 0.81144 18
1772652726326 0.78529 19
1772652734341 0.79617 20
1772652744786 0.80494 21
1772652755607 0.74383 22
1772652769087 0.98103 23
1772652783566 0.94193 24
