1772652583208 4.57111 0
1772652591341 3.5262 1
1772652600045 2.48318 2
1772652607841 1.57803 3
1772652614689 1.14897 4
1772652621611 1.02442 5
1772652629467 1.07634 6
1772652637477 0.9394 7
1772652644269 0.77183 8
1772652651018 0.70924 9
1772652659335 0.65306 10
1772652667299 0.80027 11
1772652674061 0.74764 12
1772652680824 0.74366 13
1772652688539 0.63697 14
1772652696225 0.67524 15
1772652703408 0.75417 16
1772652710185 0.68094 17
1772652717810 0.65612 18
1772652726326 0.68787 19
1772652734341 0.64803 20
1772652744786 0.65309 21
1772652755607 0.56798 22
1772652769087 0.69892 23
1772652783566 0.68957 24
