1772652583208 2.57305 0
1772652591341 1.47457 1
1772652600045 1.10852 2
1772652607841 0.99736 3
1772652614689 0.99473 4
1772652621611 1.03916 5
1772652629467 1.01494 6
1772652637477 0.96367 7
1772652644269 0.9889 8
1772652651018 0.9704 9
1772652659335 0.89697 10
1772652667299 0.99856 11
1772652674061 0.9111 12
1772652680824 0.98526 13
1772652688539 0.92004 14
1772652696225 1.00948 15
1772652703408 0.93366 16
1772652710185 0.94592 17
1772652717810 0.93871 18
1772652726326 0.92397 19
1772652734341 0.90795 20
1772652744786 0.97632 21
1772652755607 0.89366 22
1772652769087 0.9375 23
1772652783566 0.92748 24
