1772652583849 0.00395 0
1772652591955 0.00526 1
1772652600643 0.00508 2
1772652608374 0.00663 3
1772652615163 0.199 4
1772652622103 0.0 5
1772652630025 0.0 6
1772652637968 0.01877 7
1772652644742 0.0 8
1772652651668 0.02689 9
1772652659913 0.05528 10
1772652667795 0.07107 11
1772652674538 0.199 12
1772652681337 0.0 13
1772652689094 0.0 14
1772652696704 0.0 15
1772652703956 0.0 16
1772652710726 0.0 17
1772652718365 0.0 18
1772652727053 0.01508 19
1772652734889 0.00771 20
1772652745548 0.01015 21
1772652756314 0.00442 22
1772652770385 0.0 23
1772652784303 0.0 24
1772652787538 0.24875 24
